100
16 56 3 78 -1 89 -2 34 -1
31 87 2 15 0 60 -2 37 2
36 42 2 17 1 58 2
47 27 6 80 3 56 7 53 6
17 18 5 70 2 46 0 36 0
41 99 -5 64 -4 92 1
49 18 5 88 3 51 4 11 3
69 12 6 96 5 91 0 73 5
99 41 5 97 7 83 1 18 6
20 71 -1 30 3 22 1 55 1
23 5 0 1 -1 6 0 74 1
64 29 1 41 6 24 1 6 3
79 40 3 95 2 77 0
9 100 -7 10 -3 45 -2 61 -4
18 99 -5 17 -4 43 -4 49 -5
71 75 1 20 1 33 6 82 3
98 14 5 76 6 63 5 81 8
74 45 0 40 1 23 -1 13 1
50 54 -1 67 0 70 -2 100 -5
68 100 -4 72 0 10 -1 19 -5
72 68 2 91 -3 85 3 60 -3
73 65 -5 43 -2 69 -3 84 1
1 23 2 52 -2 15 1 90 2
100 80 4 68 5 50 6 9 7
13 52 -4 83 -3 74 0 22 -2
39 26 0 61 -3 86 -1 66 -5
45 9 2 74 1 66 -5
58 32 -1 36 0 28 4
2 78 2 84 4 57 3
21 83 0 65 -2 55 -1 48 3
51 87 0 63 -1 84 2 49 -3
6 97 5 30 1 64 -1 23 2
30 6 0 7 -1 20 -2 29 -2
32 25 3 85 6 4 1 58 3
4 65 0 35 6 32 -1 62 3
65 81 7 4 1 21 3 73 5
80 47 -3 100 -3 82 -1 54 1
81 62 -3 65 -6 98 -7 84 -1
85 32 -5 82 -3 19 -5 72 -1
94 78 4 86 5 61 2 55 3
44 62 5 38 1 54 4 88 5
54 42 -1 50 2 80 0 44 -3
26 7 -3 39 1 70 -1 83 -3
46 35 6 93 3 22 2 17 1
61 39 4 5 1 9 5 94 -1
76 98 -4 33 0 28 1 15 -1
77 38 -3 89 -2 79 0 28 3
11 57 1 8 4 49 -1 22 -2
19 92 8 33 6 68 5 85 6
33 19 -4 3 2 76 1 71 -5
75 78 3 71 0 34 2 14 5
12 95 1 69 -4 28 1 10 -2
55 94 -1 92 6 20 0 21 1
60 72 5 56 7 90 4 31 4
25 97 5 32 -3 86 3 29 -2
35 43 -2 46 -5 3 1 4 -4
48 52 -6 10 -2 21 -2
53 5 -3 27 1 47 -4 59 -2
66 40 6 3 7 39 7 45 5
91 72 5 7 3 24 2 69 2
37 8 3 24 -2 31 0 93 -1
27 53 1 47 -5 42 -4 89 -4
43 92 5 35 3 73 3 18 4
5 29 -1 61 0 53 4 23 2
7 30 2 26 3 91 -3 52 -2
88 49 -1 87 1 44 -4 67 3
24 14 4 64 -1 37 3 91 -1
40 82 -3 79 -2 74 -1 66 -5
84 81 1 2 -4 73 -1 51 0
93 46 -1 97 5 37 2 86 3
59 34 -1 56 3 53 3 38 -3
10 48 3 9 4 12 3 68 1
62 3 3 81 3 4 -2 44 -4
95 12 1 67 1 79 -2
22 13 3 46 0 11 3 20 -1
56 59 -3 16 -3 60 -6 47 -5
82 85 5 40 4 71 -1 80 3
34 67 4 59 2 16 2 75 -1
8 11 -3 14 -2 38 -6 37 -3
87 63 0 31 -1 88 0 51 1
89 77 3 27 6 70 4 16 4
92 41 -1 43 -4 55 -4 19 -7
97 99 -5 25 -4 93 -3 6 -4
28 77 -1 12 1 58 -4 76 -1
42 96 4 54 2 36 0 27 4
57 96 2 2 -2 11 0
63 90 0 87 1 51 2 98 -4
67 50 1 34 -2 88 -1 95 0
70 17 -2 50 3 89 -3 26 2
96 15 -2 57 -1 69 -4 42 -2
38 44 0 77 5 59 4 8 7
83 13 3 99 0 26 5 21 1
15 31 1 96 2 76 3 1 0
86 94 -5 25 -2 93 -1 39 1
14 75 -4 98 -5 8 3 24 -2
3 66 -5 62 -1 33 -1 35 0
52 1 3 13 5 7 3 48 6
29 25 2 64 1 30 4 5 3
78 2 0 94 -2 16 1 75 -2
90 63 1 1 0 60 -3
