Vetor de teste aleatorio:
[79, 43, 63, 74, 47, 2, 48, 53, 88, 91, 89, 31, 39, 18, 8, 70, 25, 86, 99, 26, 12, 71, 72, 4, 81, 33, 98, 62, 59, 0, 51, 56, 97, 14, 38, 80, 69, 34, 3, 5, 61, 64, 57, 85, 52, 24, 29, 67, 54, 73, 7, 28, 16, 1, 92, 11, 65, 49, 23, 84, 6, 83, 36, 37, 96, 75, 42, 40, 15, 45, 30, 13, 50, 27, 35, 90, 68, 60, 77, 78, 94, 41, 46, 66, 32, 44, 93, 9, 10, 19, 76, 17, 87, 55, 58, 22, 82, 21, 20, 95]
Vetor de teste ordenado:
[0, 1, 2, 3, 4, 5, 6, 7, 8, 9, 10, 11, 12, 13, 14, 15, 16, 17, 18, 19, 20, 21, 22, 23, 24, 25, 26, 27, 28, 29, 30, 31, 32, 33, 34, 35, 36, 37, 38, 39, 40, 41, 42, 43, 44, 45, 46, 47, 48, 49, 50, 51, 52, 53, 54, 55, 56, 57, 58, 59, 60, 61, 62, 63, 64, 65, 66, 67, 68, 69, 70, 71, 72, 73, 74, 75, 76, 77, 78, 79, 80, 81, 82, 83, 84, 85, 86, 87, 88, 89, 90, 91, 92, 93, 94, 95, 96, 97, 98, 99]
---------------------------------------------------------
******************Arvore Binária de Busca****************
---------------------------------------------------------


--------------ARVORE COM VETOR DESORDENADO---------------

Árvore em ordem:
0 1 2 3 4 5 6 7 8 9 10 11 12 13 14 15 16 17 18 19 20 21 22 23 24 25 26 27 28 29 30 31 32 33 34 35 36 37 38 39 40 41 42 43 44 45 46 47 48 49 50 51 52 53 54 55 56 57 58 59 60 61 62 63 64 65 66 67 68 69 70 71 72 73 74 75 76 77 78 79 80 81 82 83 84 85 86 87 88 89 90 91 92 93 94 95 96 97 98 99 
--------------ARVORE COM VETOR ORDENADO------------------
Árvore em ordem:
0 1 2 3 4 5 6 7 8 9 10 11 12 13 14 15 16 17 18 19 20 21 22 23 24 25 26 27 28 29 30 31 32 33 34 35 36 37 38 39 40 41 42 43 44 45 46 47 48 49 50 51 52 53 54 55 56 57 58 59 60 61 62 63 64 65 66 67 68 69 70 71 72 73 74 75 76 77 78 79 80 81 82 83 84 85 86 87 88 89 90 91 92 93 94 95 96 97 98 99 


---------------------------------------------------------
***************************AVL***************************
---------------------------------------------------------


--------------ARVORE COM VETOR DESORDENADO---------------

Árvore em ordem:
0(2) 1(1) 2(3) 3(1) 4(5) 5(1) 6(1) 7(1) 8(3) 9(2) 10(1) 11(4) 12(2) 13(1) 14(6) 15(1) 16(2) 17(1) 18(3) 19(1) 20(1) 21(1) 22(2) 23(1) 24(4) 25(1) 26(1) 27(1) 28(3) 29(2) 30(1) 31(7) 32(1) 33(2) 34(3) 35(1) 36(4) 37(1) 38(2) 39(1) 40(2) 41(1) 42(2) 43(6) 44(1) 45(2) 46(3) 47(1) 48(4) 49(2) 50(1) 51(3) 52(1) 53(5) 54(2) 55(1) 56(3) 57(2) 58(1) 59(4) 60(1) 61(2) 62(1) 63(7) 64(1) 65(2) 66(1) 67(3) 68(1) 69(2) 70(1) 71(4) 72(1) 73(2) 74(1) 75(3) 76(1) 77(2) 78(1) 79(5) 80(1) 81(3) 82(1) 83(2) 84(1) 85(4) 86(1) 87(1) 88(1) 89(3) 90(1) 91(2) 92(4) 93(1) 94(3) 95(1) 96(2) 97(4) 98(2) 99(1) 
--------------ARVORE COM VETOR ORDENADO------------------
Árvore em ordem:
0(1) 1(2) 2(1) 3(3) 4(1) 5(2) 6(1) 7(4) 8(1) 9(2) 10(1) 11(3) 12(1) 13(2) 14(1) 15(5) 16(1) 17(2) 18(1) 19(3) 20(1) 21(2) 22(1) 23(4) 24(1) 25(2) 26(1) 27(3) 28(1) 29(2) 30(1) 31(6) 32(1) 33(2) 34(1) 35(3) 36(1) 37(2) 38(1) 39(4) 40(1) 41(2) 42(1) 43(3) 44(1) 45(2) 46(1) 47(5) 48(1) 49(2) 50(1) 51(3) 52(1) 53(2) 54(1) 55(4) 56(1) 57(2) 58(1) 59(3) 60(1) 61(2) 62(1) 63(7) 64(1) 65(2) 66(1) 67(3) 68(1) 69(2) 70(1) 71(4) 72(1) 73(2) 74(1) 75(3) 76(1) 77(2) 78(1) 79(5) 80(1) 81(2) 82(1) 83(3) 84(1) 85(2) 86(1) 87(4) 88(1) 89(2) 90(1) 91(3) 92(1) 93(2) 94(1) 95(3) 96(1) 97(3) 98(2) 99(1) 


